[ Version: 5 ]
breakaway_pcr_96.pd.txt
8	0		0		0		0		0		0		0		0	
1
8	0		0		0		0		0		0		0		0	
BsaI		Normal
Well	1
7.5	7.5	7.5	7.5	7.5	7.5	0.0	7.5	0.0	7.5	0.0	0.0
7.5	7.5	7.5	7.5	0.0	7.5	0.0	7.5	7.5	7.5	0.0	0.0
7.5	7.5	7.5	7.5	7.5	7.5	7.5	7.5	7.5	7.5	0.0	0.0
7.5	7.5	7.5	7.5	7.5	7.5	7.5	0.0	7.5	7.5	0.0	0.0
7.5	7.5	7.5	7.5	0.0	7.5	7.5	7.5	7.5	7.5	0.0	0.0
7.5	7.5	0.0	0.0	7.5	7.5	7.5	7.5	0.0	7.5	0.0	0.0
0.0	7.5	7.5	7.5	7.5	0.0	7.5	7.5	7.5	7.5	0.0	0.0
7.5	7.5	7.5	7.5	7.5	7.5	7.5	7.5	7.5	0.0	0.0	0.0
BbsI		Normal
Well	1
0.0	0.0	0.0	0.0	0.0	0.0	7.5	0.0	7.5	0.0	0.0	0.0
0.0	0.0	0.0	0.0	0.0	0.0	7.5	0.0	0.0	0.0	0.0	0.0
0.0	0.0	0.0	0.0	0.0	0.0	0.0	0.0	0.0	0.0	0.0	0.0
0.0	0.0	0.0	0.0	0.0	0.0	0.0	0.0	0.0	0.0	0.0	0.0
0.0	0.0	0.0	0.0	7.5	0.0	0.0	0.0	0.0	0.0	0.0	0.0
0.0	0.0	0.0	7.5	0.0	0.0	0.0	0.0	7.5	0.0	0.0	0.0
7.5	0.0	0.0	0.0	0.0	7.5	0.0	0.0	0.0	0.0	0.0	0.0
0.0	0.0	0.0	0.0	0.0	0.0	0.0	0.0	0.0	7.5	0.0	0.0
BsmBI/Esp3I		Normal
Well	1
0.0	0.0	0.0	0.0	0.0	0.0	0.0	0.0	0.0	0.0	0.0	0.0
0.0	0.0	0.0	0.0	7.5	0.0	0.0	0.0	0.0	0.0	0.0	0.0
0.0	0.0	0.0	0.0	0.0	0.0	0.0	0.0	0.0	0.0	0.0	0.0
0.0	0.0	0.0	0.0	0.0	0.0	0.0	7.5	0.0	0.0	0.0	0.0
0.0	0.0	0.0	0.0	0.0	0.0	0.0	0.0	0.0	0.0	0.0	0.0
0.0	0.0	7.5	0.0	0.0	0.0	0.0	0.0	0.0	0.0	0.0	0.0
0.0	0.0	0.0	0.0	0.0	0.0	0.0	0.0	0.0	0.0	0.0	0.0
0.0	0.0	0.0	0.0	0.0	0.0	0.0	0.0	0.0	0.0	0.0	0.0
KD_Payload_2		Normal
Well	1
0.5	0.5	0.5	0.0	0.0	0.0	0.0	0.0	0.0	0.5	0.0	0.0
0.5	0.5	0.5	0.5	0.0	0.0	0.0	0.0	0.0	0.5	0.0	0.0
0.5	0.5	0.5	0.0	0.5	0.0	0.0	0.0	0.5	0.0	0.0	0.0
0.5	0.5	0.0	0.0	0.0	0.0	0.0	0.0	0.0	0.5	0.0	0.0
0.5	0.5	0.0	0.0	0.0	0.0	0.0	0.5	0.0	0.0	0.0	0.0
0.5	0.5	0.0	0.0	0.0	0.0	0.5	0.0	0.0	0.0	0.0	0.0
0.0	0.5	0.5	0.0	0.0	0.0	0.0	0.5	0.0	0.0	0.0	0.0
0.5	0.0	0.5	0.0	0.0	0.0	0.0	0.0	0.0	0.0	0.0	0.0
KD_Payload_4		Normal
Well	1
0.0	0.0	0.0	0.0	0.0	0.0	0.0	0.0	0.0	0.0	0.0	0.0
0.0	0.0	0.0	0.0	0.0	0.0	0.0	0.0	0.0	0.0	0.0	0.0
0.0	0.0	0.0	0.0	0.0	0.0	0.0	0.0	0.0	0.0	0.0	0.0
0.0	0.0	0.0	0.0	0.0	0.0	0.0	0.0	0.0	0.0	0.0	0.0
0.0	0.0	0.0	0.0	0.0	0.0	0.0	0.0	0.0	0.0	0.0	0.0
0.0	0.0	0.0	0.0	0.0	0.0	0.0	0.0	0.0	0.0	0.0	0.0
0.5	0.0	0.0	0.0	0.0	0.0	0.0	0.0	0.0	0.0	0.0	0.0
0.0	0.0	0.0	0.0	0.0	0.0	0.0	0.0	0.0	0.0	0.0	0.0
KD_Payload_3		Normal
Well	1
0.0	0.0	0.0	0.0	0.0	0.0	0.5	0.0	0.5	0.0	0.0	0.0
0.0	0.0	0.0	0.0	0.0	0.0	0.5	0.0	0.0	0.0	0.0	0.0
0.0	0.0	0.0	0.0	0.0	0.0	0.0	0.0	0.0	0.0	0.0	0.0
0.0	0.0	0.0	0.0	0.0	0.0	0.0	0.0	0.0	0.0	0.0	0.0
0.0	0.0	0.0	0.0	0.5	0.0	0.0	0.0	0.0	0.0	0.0	0.0
0.0	0.0	0.0	0.5	0.0	0.0	0.0	0.0	0.5	0.0	0.0	0.0
0.0	0.0	0.0	0.0	0.0	0.5	0.0	0.0	0.0	0.0	0.0	0.0
0.0	0.0	0.0	0.0	0.0	0.0	0.0	0.0	0.0	0.5	0.0	0.0
KD_Payload_1		Normal
Well	1
0.0	0.0	0.0	0.5	0.5	0.5	0.0	0.5	0.0	0.0	0.0	0.0
0.0	0.0	0.0	0.0	0.0	0.5	0.0	0.5	0.5	0.0	0.0	0.0
0.0	0.0	0.0	0.5	0.0	0.5	0.5	0.5	0.0	0.5	0.0	0.0
0.0	0.0	0.5	0.5	0.5	0.5	0.5	0.0	0.5	0.0	0.0	0.0
0.0	0.0	0.5	0.5	0.0	0.5	0.5	0.0	0.5	0.5	0.0	0.0
0.0	0.0	0.0	0.0	0.5	0.5	0.0	0.5	0.0	0.5	0.0	0.0
0.0	0.0	0.0	0.5	0.5	0.0	0.5	0.0	0.5	0.5	0.0	0.0
0.0	0.5	0.0	0.5	0.5	0.5	0.5	0.5	0.5	0.0	0.0	0.0
KD_Payload_5		Normal
Well	1
0.0	0.0	0.0	0.0	0.0	0.0	0.0	0.0	0.0	0.0	0.0	0.0
0.0	0.0	0.0	0.0	0.5	0.0	0.0	0.0	0.0	0.0	0.0	0.0
0.0	0.0	0.0	0.0	0.0	0.0	0.0	0.0	0.0	0.0	0.0	0.0
0.0	0.0	0.0	0.0	0.0	0.0	0.0	0.5	0.0	0.0	0.0	0.0
0.0	0.0	0.0	0.0	0.0	0.0	0.0	0.0	0.0	0.0	0.0	0.0
0.0	0.0	0.5	0.0	0.0	0.0	0.0	0.0	0.0	0.0	0.0	0.0
0.0	0.0	0.0	0.0	0.0	0.0	0.0	0.0	0.0	0.0	0.0	0.0
0.0	0.0	0.0	0.0	0.0	0.0	0.0	0.0	0.0	0.0	0.0	0.0
